0.000000 0.000000 0.000000
0.000000 0.000000 0.020000
0.000000 0.000000 0.020000
0.000000 2.000000 0.020000
5.000000 7.000000 0.020000
5.000000 14.000000 0.020000
20.000000 21.000000 0.020000
20.000000 28.000000 0.020000
36.000000 35.000000 0.020000
36.000000 42.000000 0.020000
52.000000 50.000000 0.020000
68.000000 57.000000 0.020000
68.000000 65.000000 0.020000
84.000000 82.000000 0.020000
84.000000 93.000000 0.020000
106.000000 93.000000 0.020000
106.000000 114.000000 0.020000
124.000000 125.000000 0.020000
124.000000 136.000000 0.020000
145.000000 146.000000 0.020000
145.000000 160.000000 0.020000
169.000000 171.000000 0.020000
192.000000 182.000000 0.020000
192.000000 194.000000 0.020000
213.000000 205.000000 0.020000
213.000000 219.000000 0.020000
240.000000 244.000000 0.020000
240.000000 256.000000 0.020000
262.000000 268.000000 0.020000
262.000000 281.000000 0.020000
290.000000 297.000000 0.020000
290.000000 310.000000 0.020000
316.000000 323.000000 0.020000
342.000000 336.000000 0.020000
342.000000 348.000000 0.020000
370.000000 362.000000 0.020000
370.000000 388.000000 0.020000
394.000000 400.000000 0.020000
394.000000 413.000000 0.020000
418.000000 425.000000 0.020000
418.000000 440.000000 0.020000
444.000000 452.000000 0.020000
468.000000 464.000000 0.020000
468.000000 476.000000 0.020000
490.000000 488.000000 0.020000
490.000000 502.000000 0.020000
516.000000 528.000000 0.020000
516.000000 540.000000 0.020000
540.000000 552.000000 0.020000
540.000000 564.000000 0.020000
567.000000 578.000000 0.020000
592.000000 590.000000 0.020000
592.000000 602.000000 0.020000
616.000000 614.000000 0.020000
616.000000 626.000000 0.020000
646.000000 641.000000 0.020000
646.000000 668.000000 0.020000
670.000000 680.000000 0.020000
670.000000 692.000000 0.020000
694.000000 705.000000 0.020000
694.000000 720.000000 0.020000
720.000000 732.000000 0.020000
720.000000 744.000000 0.020000
744.000000 756.000000 0.020000
764.000000 768.000000 0.020000